2 3 3 4 5 2 2 1 2 1 2 3 3 3 5 5 5 8 3 6 3 9 1 3 5 6 4 2 3 4
2 3 3 4 5 2 2 1 2 1 2 3 3 3 5 5 5 8 3 6 3 9 0 3 5 6 4 2 3 4
2 3 3 4 5 2 2 1 2 1 2 3 3 3 5 5 5 8 3 6 3 9 0 3 5 6 4 2 3 4
2 3 3 4 2 2 2 1 2 1 2 3 3 3 5 5 5 8 3 6 3 9 0 3 5 6 4 2 3 4
2 3 3 4 5 2 2 1 2 1 2 3 3 3 5 5 5 8 3 6 3 9 0 3 5 6 4 2 3 4
2 3 3 4 3 2 2 1 2 1 2 3 3 3 5 5 3 3 6 3 9 0 3 5 6 4 2 3 4 2
2 3 3 4 5 2 2 1 2 1 2 3 3 3 5 5 5 8 3 6 3 9 0 3 5 6 4 2 3 4
2 3 3 4 4 2 2 1 2 1 2 3 3 3 5 5 5 8 3 6 3 9 1 3 5 6 4 2 3 4
2 3 3 4 5 2 2 1 2 1 2 3 3 3 5 5 5 3 3 6 3 9 0 3 5 6 4 2 3 4
2 3 3 4 6 2 2 1 2 1 2 3 3 3 5 5 5 8 3 6 3 9 0 3 5 6 4 2 3 4
2 3 3 4 8 2 2 1 2 1 2 3 3 3 5 5 5 8 3 6 3 9 0 3 5 6 4 2 3 4
2 3 3 4 5 2 2 1 2 1 2 3 3 3 5 5 5 8 3 6 3 9 0 3 5 6 4 2 3 4
2 3 3 4 5 2 2 1 2 1 2 3 3 3 5 5 5 8 3 6 3 9 1 3 5 6 4 2 3 4
2 3 3 4 5 2 2 1 2 1 2 3 3 3 5 5 5 8 3 6 3 9 0 3 5 6 4 2 3 4
2 3 3 4 6 2 2 1 2 1 2 3 3 3 5 5 5 8 3 6 3 9 0 3 5 6 4 2 3 4
2 3 3 4 5 2 2 1 2 1 2 3 3 3 5 5 5 8 3 6 3 9 0 3 5 6 4 2 3 4
2 3 3 4 4 2 2 1 2 1 2 3 3 3 5 5 5 8 3 6 3 9 0 3 5 6 4 2 3 4
2 3 3 4 5 2 2 1 2 1 2 3 3 3 5 5 5 8 3 2 4 9 0 3 5 6 4 2 3 4
2 3 3 4 6 2 2 1 2 1 2 3 3 3 5 5 5 8 3 6 3 9 1 3 5 6 4 2 3 4
2 3 3 4 5 2 2 1 2 1 2 3 3 3 5 5 5 8 3 6 3 9 0 3 5 6 4 2 3 4 5000
